learning_rate: 0.23788295728624465
max_depth: 9
n_estim: 1000
reg_l1: 4.597925762252884e-06
reg_l2: 1.7454488635308293e-08
