learning_rate: 0.010849483904179278
max_depth: 6
n_estim: 1000
reg_l1: 2.3937321749345975e-05
reg_l2: 1.349968174592247e-06
