learning_rate: 0.014835688703614935
max_depth: 1
n_estim: 1000
reg_l1: 7.153726013634259e-07
reg_l2: 1.59445955806159e-07
