learning_rate: 0.1808189723182113
max_depth: 11
n_estim: 1000
reg_l1: 0.7278252525669625
reg_l2: 0.0006508826345866621
