learning_rate: 0.09166419408847755
max_depth: 7
n_estim: 1000
reg_l1: 0.341130340372006
reg_l2: 0.0005152881936101432
