learning_rate: 0.28171953224953483
max_depth: 1
n_estim: 1000
reg_l1: 0.12348090799761854
reg_l2: 0.014438998452810999
