learning_rate: 0.024581201569578152
max_depth: 11
n_estim: 1000
reg_l1: 2.2877381038367614e-08
reg_l2: 0.3914267367666066
