learning_rate: 0.03823090898010598
max_depth: 5
n_estim: 1000
reg_l1: 0.3053875240337727
reg_l2: 0.011329706046381541
