learning_rate: 0.10697402444497849
max_depth: 10
n_estim: 1000
reg_l1: 4.468069624879171e-06
reg_l2: 1.7095470201493603e-06
