RF_init_max_depth: 7
RF_init_max_features: 0.7282181034643388
RF_init_n_estim: 16
batch_size: 256
beta: 0.5
depth: 6
drop_layers: 1
epochs: 100
learning_rate: 7.333450792538872e-06
reg_l1: 0
strength01: 331.45936687303885
strength12: 1.0556028277463645
width: 2048
